#=====================================================
# File created:        Mon-06-Nov-2023-at-04-39-36PM
# Size of lattice:     20x20
# Number of MC steps:  1000
# Reduced temperature: 0.300
# Run time (s):        13.740636
#=====================================================
# MC step:  Ratio:     Energy:   Order:
#=====================================================
   00000    0.5000    -425.5901  0.2716 
   00001    0.6950    -568.4478  0.2670 
   00002    0.6425    -692.0306  0.2955 
   00003    0.6275    -773.3155  0.2834 
   00004    0.6000    -859.9691  0.2975 
   00005    0.5525    -926.0466  0.2944 
   00006    0.5950    -983.8854  0.2946 
   00007    0.5450   -1049.0378  0.2997 
   00008    0.5325   -1077.6612  0.2943 
   00009    0.4675   -1103.2123  0.3106 
   00010    0.4900   -1128.5436  0.3192 
   00011    0.5500   -1147.2994  0.3223 
   00012    0.5100   -1157.7215  0.3147 
   00013    0.5475   -1160.7155  0.3284 
   00014    0.4875   -1181.2165  0.3272 
   00015    0.4975   -1196.8373  0.3424 
   00016    0.5125   -1214.8561  0.3345 
   00017    0.4800   -1230.7979  0.3462 
   00018    0.5125   -1239.2815  0.3389 
   00019    0.5025   -1258.2588  0.3514 
   00020    0.4875   -1277.7187  0.3525 
   00021    0.5000   -1290.4280  0.3624 
   00022    0.5150   -1306.2490  0.3929 
   00023    0.4700   -1314.9061  0.3989 
   00024    0.5000   -1324.3728  0.4002 
   00025    0.4800   -1336.7493  0.4029 
   00026    0.4650   -1337.8035  0.4024 
   00027    0.5125   -1330.6813  0.4023 
   00028    0.4225   -1330.5927  0.3987 
   00029    0.4500   -1331.5769  0.4019 
   00030    0.4950   -1335.4141  0.4061 
   00031    0.4500   -1339.3220  0.4248 
   00032    0.4850   -1339.5670  0.4259 
   00033    0.4800   -1327.1993  0.4184 
   00034    0.4775   -1338.7536  0.4315 
   00035    0.4725   -1337.9158  0.4242 
   00036    0.4925   -1353.7649  0.4247 
   00037    0.4400   -1344.7682  0.4368 
   00038    0.4750   -1349.3690  0.4454 
   00039    0.4825   -1351.6953  0.4463 
   00040    0.4450   -1359.0721  0.4575 
   00041    0.4350   -1358.6615  0.4638 
   00042    0.4675   -1376.1493  0.4721 
   00043    0.4675   -1376.6607  0.4754 
   00044    0.4850   -1367.1724  0.4854 
   00045    0.4950   -1364.5739  0.5032 
   00046    0.4600   -1373.3965  0.5052 
   00047    0.4875   -1366.0773  0.5064 
   00048    0.4375   -1369.5529  0.5021 
   00049    0.4700   -1372.1335  0.4998 
   00050    0.4925   -1376.2102  0.4896 
   00051    0.4425   -1380.1867  0.5037 
   00052    0.4525   -1373.5666  0.4842 
   00053    0.4925   -1371.3253  0.4946 
   00054    0.4800   -1370.1232  0.4980 
   00055    0.4700   -1363.2311  0.5052 
   00056    0.5050   -1369.6129  0.5142 
   00057    0.4650   -1371.1798  0.5301 
   00058    0.4625   -1368.1617  0.5252 
   00059    0.4800   -1372.0783  0.5250 
   00060    0.4225   -1373.6742  0.5243 
   00061    0.4525   -1380.7856  0.5222 
   00062    0.4625   -1381.9521  0.5256 
   00063    0.4700   -1373.7066  0.5198 
   00064    0.4425   -1380.0889  0.5255 
   00065    0.4175   -1383.0650  0.5204 
   00066    0.4375   -1380.2907  0.5270 
   00067    0.4700   -1381.7336  0.5365 
   00068    0.4225   -1377.4579  0.5472 
   00069    0.4775   -1382.9913  0.5654 
   00070    0.4650   -1373.7536  0.5714 
   00071    0.4675   -1374.1676  0.5817 
   00072    0.4400   -1383.8772  0.5906 
   00073    0.4775   -1387.6522  0.5857 
   00074    0.4575   -1384.2600  0.5834 
   00075    0.5100   -1390.6334  0.5970 
   00076    0.4075   -1383.1011  0.5955 
   00077    0.4850   -1373.7755  0.5816 
   00078    0.4825   -1392.9784  0.5978 
   00079    0.4425   -1392.7737  0.5980 
   00080    0.4975   -1402.7121  0.5970 
   00081    0.4650   -1396.9662  0.5909 
   00082    0.4775   -1382.6643  0.5941 
   00083    0.4375   -1392.8003  0.6081 
   00084    0.4750   -1383.6307  0.6059 
   00085    0.4975   -1377.9159  0.6090 
   00086    0.4450   -1381.7091  0.6082 
   00087    0.4825   -1394.8083  0.6220 
   00088    0.4725   -1391.0759  0.6200 
   00089    0.4925   -1384.9031  0.6253 
   00090    0.4475   -1393.9481  0.6257 
   00091    0.3975   -1391.1979  0.6186 
   00092    0.4750   -1389.7085  0.6236 
   00093    0.4725   -1392.4692  0.6383 
   00094    0.4425   -1396.7132  0.6430 
   00095    0.4800   -1402.9592  0.6499 
   00096    0.4600   -1404.2177  0.6438 
   00097    0.4375   -1414.6683  0.6466 
   00098    0.4825   -1417.5529  0.6532 
   00099    0.4250   -1409.1480  0.6486 
   00100    0.4925   -1407.4342  0.6532 
   00101    0.4575   -1404.9171  0.6518 
   00102    0.4425   -1393.1518  0.6597 
   00103    0.4025   -1405.1637  0.6615 
   00104    0.4725   -1403.3350  0.6627 
   00105    0.4550   -1388.1792  0.6695 
   00106    0.4775   -1393.3230  0.6731 
   00107    0.4975   -1395.7650  0.6815 
   00108    0.4600   -1382.9718  0.6843 
   00109    0.4600   -1394.4915  0.6930 
   00110    0.4300   -1397.2388  0.7057 
   00111    0.4775   -1391.8433  0.7176 
   00112    0.4675   -1396.7251  0.7164 
   00113    0.4775   -1406.4442  0.7175 
   00114    0.4725   -1416.4191  0.7239 
   00115    0.4375   -1427.8952  0.7295 
   00116    0.4050   -1439.9138  0.7349 
   00117    0.4575   -1432.9192  0.7362 
   00118    0.4525   -1428.7481  0.7353 
   00119    0.4175   -1423.4773  0.7482 
   00120    0.4400   -1415.7385  0.7344 
   00121    0.4250   -1427.3469  0.7291 
   00122    0.4575   -1422.2954  0.7261 
   00123    0.4550   -1407.8886  0.7161 
   00124    0.4525   -1412.6568  0.7213 
   00125    0.4700   -1421.6540  0.7267 
   00126    0.4650   -1419.1403  0.7295 
   00127    0.4825   -1433.1233  0.7341 
   00128    0.4300   -1436.1671  0.7294 
   00129    0.4300   -1437.2869  0.7209 
   00130    0.4625   -1436.9332  0.7258 
   00131    0.4575   -1428.5154  0.7230 
   00132    0.4750   -1423.6351  0.7293 
   00133    0.4950   -1420.0079  0.7219 
   00134    0.4225   -1424.0132  0.7190 
   00135    0.4925   -1438.5671  0.7270 
   00136    0.4550   -1432.2138  0.7251 
   00137    0.4400   -1428.8474  0.7187 
   00138    0.4600   -1432.2232  0.7325 
   00139    0.4775   -1442.8842  0.7298 
   00140    0.4025   -1440.0376  0.7351 
   00141    0.4875   -1450.9932  0.7415 
   00142    0.4250   -1453.1018  0.7502 
   00143    0.4525   -1454.5825  0.7471 
   00144    0.4650   -1452.3446  0.7419 
   00145    0.4025   -1451.9204  0.7457 
   00146    0.4875   -1458.2691  0.7500 
   00147    0.4325   -1458.9640  0.7562 
   00148    0.4775   -1462.5899  0.7666 
   00149    0.4500   -1451.0592  0.7681 
   00150    0.4425   -1455.4768  0.7646 
   00151    0.4500   -1451.3938  0.7732 
   00152    0.4175   -1456.9808  0.7796 
   00153    0.4250   -1459.7879  0.7808 
   00154    0.4575   -1455.8564  0.7899 
   00155    0.4375   -1452.7730  0.7896 
   00156    0.4475   -1458.6621  0.7913 
   00157    0.4200   -1457.3404  0.8015 
   00158    0.4925   -1446.8322  0.8048 
   00159    0.4375   -1452.7594  0.8146 
   00160    0.4475   -1457.7313  0.8203 
   00161    0.4725   -1464.5044  0.8313 
   00162    0.4250   -1461.3577  0.8310 
   00163    0.4275   -1457.8559  0.8396 
   00164    0.4250   -1465.8828  0.8403 
   00165    0.4600   -1466.0104  0.8398 
   00166    0.4675   -1461.1728  0.8283 
   00167    0.4500   -1467.0374  0.8337 
   00168    0.4425   -1468.1543  0.8389 
   00169    0.4600   -1472.9200  0.8392 
   00170    0.4700   -1476.3838  0.8457 
   00171    0.4350   -1474.9163  0.8468 
   00172    0.4400   -1462.0975  0.8424 
   00173    0.4750   -1464.1577  0.8428 
   00174    0.4325   -1462.3443  0.8382 
   00175    0.4550   -1471.6600  0.8411 
   00176    0.4025   -1471.9528  0.8412 
   00177    0.4350   -1462.2868  0.8329 
   00178    0.4275   -1473.9154  0.8288 
   00179    0.4350   -1469.8769  0.8354 
   00180    0.4625   -1455.3643  0.8252 
   00181    0.4225   -1453.3898  0.8182 
   00182    0.4400   -1462.2321  0.8224 
   00183    0.4225   -1466.2340  0.8184 
   00184    0.4225   -1466.1167  0.8176 
   00185    0.4725   -1466.3272  0.8229 
   00186    0.4275   -1472.7563  0.8273 
   00187    0.4375   -1472.8932  0.8250 
   00188    0.4600   -1465.7743  0.8195 
   00189    0.4375   -1467.5584  0.8154 
   00190    0.4125   -1466.7839  0.8133 
   00191    0.4500   -1468.9345  0.8137 
   00192    0.4025   -1474.1538  0.8140 
   00193    0.4300   -1472.5254  0.8077 
   00194    0.4800   -1477.8919  0.8075 
   00195    0.4450   -1473.6705  0.8026 
   00196    0.4750   -1469.4091  0.8049 
   00197    0.4900   -1462.1340  0.8006 
   00198    0.4525   -1463.9048  0.8009 
   00199    0.4475   -1460.3460  0.8035 
   00200    0.4150   -1459.4252  0.8094 
   00201    0.4375   -1447.3818  0.8012 
   00202    0.4275   -1462.3275  0.8004 
   00203    0.4450   -1466.2465  0.8068 
   00204    0.4825   -1469.5219  0.8089 
   00205    0.4475   -1472.7685  0.8171 
   00206    0.4025   -1464.2011  0.8188 
   00207    0.4575   -1464.4300  0.8269 
   00208    0.4250   -1459.5886  0.8280 
   00209    0.4675   -1457.5197  0.8367 
   00210    0.4550   -1461.5058  0.8409 
   00211    0.4525   -1462.0581  0.8434 
   00212    0.4175   -1467.7695  0.8478 
   00213    0.4225   -1461.3782  0.8478 
   00214    0.4300   -1465.7062  0.8522 
   00215    0.4575   -1473.8020  0.8553 
   00216    0.4525   -1473.2340  0.8502 
   00217    0.4650   -1473.2552  0.8491 
   00218    0.4825   -1473.4851  0.8422 
   00219    0.4000   -1473.9167  0.8477 
   00220    0.4450   -1479.6813  0.8515 
   00221    0.4625   -1481.8814  0.8446 
   00222    0.4750   -1473.3484  0.8455 
   00223    0.4525   -1475.7126  0.8549 
   00224    0.4425   -1476.4689  0.8530 
   00225    0.4100   -1475.8918  0.8541 
   00226    0.3900   -1480.5998  0.8640 
   00227    0.4250   -1481.3825  0.8639 
   00228    0.4750   -1477.3819  0.8522 
   00229    0.4675   -1468.5120  0.8536 
   00230    0.4275   -1464.1917  0.8447 
   00231    0.4900   -1467.3130  0.8398 
   00232    0.4575   -1459.9482  0.8423 
   00233    0.4475   -1456.4268  0.8402 
   00234    0.4800   -1453.8235  0.8461 
   00235    0.4650   -1449.5499  0.8503 
   00236    0.4075   -1455.3656  0.8582 
   00237    0.4600   -1462.9696  0.8639 
   00238    0.4350   -1470.7698  0.8746 
   00239    0.4425   -1469.6954  0.8685 
   00240    0.4550   -1473.9499  0.8779 
   00241    0.4100   -1469.2890  0.8805 
   00242    0.4600   -1464.6836  0.8859 
   00243    0.4250   -1470.4627  0.8855 
   00244    0.4675   -1468.4043  0.8953 
   00245    0.4550   -1473.8072  0.9003 
   00246    0.4575   -1469.9984  0.8992 
   00247    0.4475   -1468.5017  0.8939 
   00248    0.4200   -1461.1407  0.8848 
   00249    0.4425   -1463.5005  0.8964 
   00250    0.4475   -1463.5671  0.9014 
   00251    0.4300   -1456.4064  0.9091 
   00252    0.4075   -1463.4162  0.9104 
   00253    0.4600   -1462.6235  0.9061 
   00254    0.4550   -1472.0727  0.9077 
   00255    0.4750   -1477.3009  0.9110 
   00256    0.4425   -1474.1854  0.9057 
   00257    0.4400   -1475.8084  0.9089 
   00258    0.4275   -1479.7511  0.9111 
   00259    0.4100   -1492.5547  0.9129 
   00260    0.4225   -1477.6347  0.9084 
   00261    0.4150   -1488.3730  0.9173 
   00262    0.4325   -1490.9106  0.9177 
   00263    0.4625   -1481.4015  0.9113 
   00264    0.4325   -1481.9494  0.9164 
   00265    0.4500   -1479.8776  0.9198 
   00266    0.4275   -1485.5647  0.9241 
   00267    0.4050   -1484.9022  0.9190 
   00268    0.4500   -1475.7842  0.9116 
   00269    0.4600   -1472.3783  0.9126 
   00270    0.4050   -1464.9714  0.9094 
   00271    0.4375   -1470.6765  0.9111 
   00272    0.4250   -1466.4061  0.9133 
   00273    0.4400   -1485.8891  0.9210 
   00274    0.5000   -1481.2938  0.9175 
   00275    0.4450   -1485.9318  0.9267 
   00276    0.4850   -1485.6096  0.9335 
   00277    0.4275   -1480.4569  0.9312 
   00278    0.4625   -1483.1353  0.9316 
   00279    0.4800   -1482.0499  0.9266 
   00280    0.3950   -1479.9974  0.9308 
   00281    0.4525   -1475.1563  0.9308 
   00282    0.4125   -1474.5504  0.9345 
   00283    0.4075   -1483.0072  0.9369 
   00284    0.4400   -1479.1005  0.9312 
   00285    0.4250   -1475.8354  0.9261 
   00286    0.4400   -1477.5697  0.9303 
   00287    0.4400   -1483.4879  0.9314 
   00288    0.4575   -1487.5319  0.9344 
   00289    0.3875   -1487.0875  0.9353 
   00290    0.4150   -1476.8798  0.9326 
   00291    0.4800   -1482.7745  0.9408 
   00292    0.4100   -1481.9206  0.9392 
   00293    0.4025   -1481.5665  0.9352 
   00294    0.4325   -1480.8828  0.9374 
   00295    0.4325   -1480.9401  0.9332 
   00296    0.4300   -1484.6306  0.9327 
   00297    0.4600   -1475.3668  0.9287 
   00298    0.4375   -1467.0360  0.9209 
   00299    0.4750   -1470.1899  0.9180 
   00300    0.4550   -1467.8220  0.9138 
   00301    0.4375   -1472.0065  0.9181 
   00302    0.4200   -1474.3098  0.9147 
   00303    0.4200   -1482.1843  0.9144 
   00304    0.4050   -1479.5015  0.9096 
   00305    0.4225   -1477.5628  0.9141 
   00306    0.4575   -1472.4092  0.9103 
   00307    0.4375   -1475.4084  0.9094 
   00308    0.4300   -1486.6755  0.9132 
   00309    0.4400   -1485.1666  0.9115 
   00310    0.4350   -1480.7425  0.9155 
   00311    0.4425   -1473.6211  0.9089 
   00312    0.3875   -1471.8154  0.9148 
   00313    0.4175   -1481.4515  0.9184 
   00314    0.4075   -1485.2206  0.9238 
   00315    0.4300   -1477.8092  0.9200 
   00316    0.4700   -1482.5617  0.9240 
   00317    0.4525   -1465.2369  0.9236 
   00318    0.4175   -1477.9306  0.9211 
   00319    0.4575   -1480.7985  0.9200 
   00320    0.4175   -1470.5140  0.9173 
   00321    0.4325   -1467.3430  0.9169 
   00322    0.4225   -1463.8791  0.9234 
   00323    0.4150   -1471.9046  0.9254 
   00324    0.4175   -1481.4147  0.9261 
   00325    0.4250   -1486.9564  0.9302 
   00326    0.4525   -1487.9958  0.9288 
   00327    0.4050   -1497.4153  0.9302 
   00328    0.4475   -1487.7461  0.9234 
   00329    0.4450   -1472.8215  0.9199 
   00330    0.4050   -1473.2306  0.9192 
   00331    0.4150   -1478.5672  0.9229 
   00332    0.4200   -1472.2889  0.9256 
   00333    0.4625   -1463.9712  0.9204 
   00334    0.4250   -1468.7854  0.9262 
   00335    0.4325   -1460.4280  0.9214 
   00336    0.4425   -1465.4651  0.9209 
   00337    0.4325   -1455.9856  0.9159 
   00338    0.4650   -1459.4716  0.9090 
   00339    0.4425   -1463.5386  0.9061 
   00340    0.4350   -1474.0942  0.9078 
   00341    0.4500   -1470.0665  0.9097 
   00342    0.4600   -1475.1833  0.9110 
   00343    0.4475   -1485.5527  0.9101 
   00344    0.4775   -1484.6343  0.9109 
   00345    0.4525   -1486.1553  0.9154 
   00346    0.4850   -1478.6958  0.9106 
   00347    0.4850   -1468.8405  0.8979 
   00348    0.4325   -1481.7982  0.9083 
   00349    0.4200   -1482.7983  0.9097 
   00350    0.4550   -1474.0592  0.9064 
   00351    0.4125   -1463.7890  0.9045 
   00352    0.4450   -1459.3893  0.9040 
   00353    0.4475   -1460.6866  0.9043 
   00354    0.3825   -1463.4608  0.9051 
   00355    0.4150   -1469.1751  0.9080 
   00356    0.4575   -1462.3274  0.9017 
   00357    0.4450   -1469.0664  0.9018 
   00358    0.4150   -1463.8984  0.8995 
   00359    0.4750   -1461.3259  0.8969 
   00360    0.4525   -1465.6063  0.8954 
   00361    0.4775   -1469.4161  0.9003 
   00362    0.4450   -1467.4794  0.9045 
   00363    0.4125   -1461.5248  0.9067 
   00364    0.4400   -1461.6422  0.9038 
   00365    0.4900   -1465.4313  0.9111 
   00366    0.4400   -1462.0853  0.9141 
   00367    0.4325   -1477.4517  0.9181 
   00368    0.4450   -1482.6123  0.9240 
   00369    0.4150   -1481.7531  0.9279 
   00370    0.4475   -1473.0947  0.9211 
   00371    0.4275   -1471.1997  0.9195 
   00372    0.3800   -1461.7915  0.9168 
   00373    0.4575   -1455.3676  0.9127 
   00374    0.4625   -1449.2987  0.9128 
   00375    0.4550   -1465.8254  0.9228 
   00376    0.3950   -1471.1984  0.9210 
   00377    0.4625   -1475.8973  0.9227 
   00378    0.4875   -1461.6187  0.9159 
   00379    0.4425   -1456.7033  0.9072 
   00380    0.4500   -1456.5705  0.9098 
   00381    0.4400   -1459.5063  0.9102 
   00382    0.4375   -1454.6759  0.9077 
   00383    0.4325   -1456.6051  0.9098 
   00384    0.4150   -1455.3185  0.9157 
   00385    0.4425   -1465.6679  0.9136 
   00386    0.4050   -1464.0504  0.9052 
   00387    0.4300   -1468.7183  0.9031 
   00388    0.4225   -1484.4004  0.9019 
   00389    0.4500   -1472.4828  0.9031 
   00390    0.4225   -1468.3277  0.9028 
   00391    0.4650   -1471.1768  0.9050 
   00392    0.4600   -1477.9678  0.9113 
   00393    0.4875   -1481.4358  0.9148 
   00394    0.4275   -1479.3939  0.9134 
   00395    0.4450   -1479.5645  0.9151 
   00396    0.4150   -1470.3804  0.9117 
   00397    0.4525   -1465.4038  0.9088 
   00398    0.4375   -1461.4693  0.9092 
   00399    0.4550   -1472.2423  0.9110 
   00400    0.4500   -1470.3860  0.9087 
   00401    0.4625   -1473.5343  0.9128 
   00402    0.4725   -1476.3236  0.9143 
   00403    0.4250   -1472.7150  0.9152 
   00404    0.4375   -1469.7884  0.9123 
   00405    0.4225   -1474.7250  0.9168 
   00406    0.4175   -1475.8517  0.9175 
   00407    0.4625   -1477.1565  0.9184 
   00408    0.4125   -1493.2362  0.9248 
   00409    0.3475   -1486.2404  0.9133 
   00410    0.4775   -1482.0233  0.9137 
   00411    0.4200   -1476.1483  0.9162 
   00412    0.4275   -1483.4464  0.9176 
   00413    0.4550   -1473.3763  0.9182 
   00414    0.4100   -1469.7885  0.9147 
   00415    0.3950   -1469.1306  0.9159 
   00416    0.4325   -1466.1758  0.9158 
   00417    0.4400   -1461.4518  0.9209 
   00418    0.4675   -1459.4718  0.9187 
   00419    0.4450   -1461.0045  0.9216 
   00420    0.4200   -1462.9552  0.9263 
   00421    0.4225   -1472.3222  0.9256 
   00422    0.4050   -1475.4191  0.9298 
   00423    0.4700   -1476.3683  0.9272 
   00424    0.4275   -1479.5628  0.9335 
   00425    0.4075   -1477.0327  0.9354 
   00426    0.4100   -1474.5481  0.9280 
   00427    0.4900   -1471.1234  0.9239 
   00428    0.4300   -1469.9410  0.9237 
   00429    0.4150   -1471.9920  0.9224 
   00430    0.4350   -1474.3062  0.9182 
   00431    0.4425   -1461.9546  0.9137 
   00432    0.4625   -1473.4584  0.9112 
   00433    0.4250   -1469.2668  0.9175 
   00434    0.4600   -1468.7581  0.9089 
   00435    0.4825   -1481.4905  0.9177 
   00436    0.4100   -1469.4262  0.9149 
   00437    0.4475   -1463.4455  0.9102 
   00438    0.4575   -1468.1692  0.9123 
   00439    0.4450   -1476.7925  0.9201 
   00440    0.4600   -1491.5171  0.9241 
   00441    0.4575   -1488.1829  0.9223 
   00442    0.4275   -1483.5661  0.9168 
   00443    0.4450   -1479.8749  0.9131 
   00444    0.4300   -1471.6618  0.9081 
   00445    0.4125   -1463.3173  0.9109 
   00446    0.4850   -1455.2360  0.9033 
   00447    0.4350   -1454.2543  0.9033 
   00448    0.4600   -1455.5319  0.9027 
   00449    0.4875   -1460.8769  0.9080 
   00450    0.4450   -1466.0781  0.9089 
   00451    0.4300   -1468.5226  0.9072 
   00452    0.4200   -1473.3582  0.9040 
   00453    0.4525   -1480.4861  0.9053 
   00454    0.4250   -1478.2484  0.9055 
   00455    0.4425   -1467.2164  0.9104 
   00456    0.4550   -1474.2583  0.9119 
   00457    0.4225   -1472.4208  0.9051 
   00458    0.4000   -1470.2406  0.9066 
   00459    0.4325   -1476.7266  0.9105 
   00460    0.4525   -1482.4440  0.9098 
   00461    0.4225   -1483.7689  0.9113 
   00462    0.4425   -1477.3211  0.9143 
   00463    0.3750   -1475.8464  0.9094 
   00464    0.3950   -1482.7596  0.9147 
   00465    0.4225   -1486.4411  0.9191 
   00466    0.4500   -1478.1550  0.9178 
   00467    0.4150   -1482.7111  0.9192 
   00468    0.4225   -1476.5619  0.9178 
   00469    0.4375   -1485.4023  0.9207 
   00470    0.4175   -1485.9846  0.9211 
   00471    0.4075   -1484.6275  0.9232 
   00472    0.4500   -1474.6753  0.9231 
   00473    0.4175   -1463.9262  0.9206 
   00474    0.4375   -1459.5014  0.9202 
   00475    0.4125   -1466.5724  0.9161 
   00476    0.4325   -1469.1833  0.9213 
   00477    0.4625   -1467.1831  0.9165 
   00478    0.4425   -1477.6877  0.9222 
   00479    0.4250   -1472.5820  0.9215 
   00480    0.4325   -1462.8870  0.9172 
   00481    0.4625   -1464.4871  0.9155 
   00482    0.4075   -1455.0095  0.9158 
   00483    0.4400   -1454.9010  0.9104 
   00484    0.3625   -1457.7667  0.9127 
   00485    0.4300   -1465.8130  0.9213 
   00486    0.4650   -1477.7525  0.9236 
   00487    0.4325   -1485.6456  0.9277 
   00488    0.4325   -1494.1909  0.9308 
   00489    0.4125   -1488.1080  0.9273 
   00490    0.4650   -1477.4299  0.9257 
   00491    0.3975   -1481.8640  0.9291 
   00492    0.4250   -1475.4518  0.9284 
   00493    0.4400   -1481.4006  0.9279 
   00494    0.4425   -1478.8268  0.9273 
   00495    0.4200   -1484.1634  0.9254 
   00496    0.4400   -1482.1114  0.9196 
   00497    0.4375   -1469.4225  0.9156 
   00498    0.4150   -1468.7523  0.9159 
   00499    0.4225   -1465.6907  0.9165 
   00500    0.4500   -1473.9334  0.9213 
   00501    0.4300   -1470.5675  0.9196 
   00502    0.4550   -1461.9700  0.9207 
   00503    0.4150   -1466.8201  0.9212 
   00504    0.4575   -1462.9035  0.9146 
   00505    0.4575   -1474.7092  0.9189 
   00506    0.5075   -1465.9849  0.9173 
   00507    0.4225   -1459.7314  0.9149 
   00508    0.4325   -1460.3318  0.9154 
   00509    0.4875   -1459.1436  0.9192 
   00510    0.4125   -1461.0221  0.9128 
   00511    0.4625   -1462.0929  0.9157 
   00512    0.4750   -1474.0630  0.9150 
   00513    0.4625   -1472.6047  0.9160 
   00514    0.4250   -1484.9575  0.9187 
   00515    0.4900   -1475.7862  0.9153 
   00516    0.4400   -1481.5043  0.9185 
   00517    0.4750   -1484.8428  0.9172 
   00518    0.4425   -1483.1257  0.9116 
   00519    0.4900   -1480.8242  0.9126 
   00520    0.4775   -1478.2113  0.9099 
   00521    0.4550   -1473.3812  0.9104 
   00522    0.4400   -1475.6754  0.9085 
   00523    0.4150   -1465.7397  0.9070 
   00524    0.4700   -1469.7463  0.9127 
   00525    0.4400   -1469.0304  0.9128 
   00526    0.4525   -1461.8720  0.9165 
   00527    0.4675   -1468.0957  0.9176 
   00528    0.4300   -1469.4661  0.9152 
   00529    0.4025   -1468.0920  0.9170 
   00530    0.4575   -1475.1421  0.9139 
   00531    0.4275   -1475.7688  0.9142 
   00532    0.4675   -1474.8624  0.9160 
   00533    0.4250   -1477.9843  0.9220 
   00534    0.4300   -1486.6042  0.9276 
   00535    0.4475   -1492.0888  0.9267 
   00536    0.4850   -1493.9960  0.9296 
   00537    0.4675   -1490.6845  0.9280 
   00538    0.4100   -1497.7127  0.9262 
   00539    0.4050   -1492.9648  0.9235 
   00540    0.4625   -1487.7438  0.9232 
   00541    0.4400   -1479.8019  0.9172 
   00542    0.4375   -1472.9882  0.9134 
   00543    0.4250   -1460.4175  0.9044 
   00544    0.4925   -1461.3439  0.9107 
   00545    0.4450   -1457.8484  0.9117 
   00546    0.4675   -1456.1739  0.9145 
   00547    0.4575   -1454.0051  0.9102 
   00548    0.4125   -1455.2681  0.9130 
   00549    0.4600   -1466.7209  0.9208 
   00550    0.4650   -1474.1506  0.9229 
   00551    0.4375   -1474.6373  0.9189 
   00552    0.4200   -1465.9146  0.9129 
   00553    0.4275   -1471.0279  0.9151 
   00554    0.4850   -1477.4889  0.9133 
   00555    0.4250   -1467.5535  0.9121 
   00556    0.4325   -1459.4068  0.9083 
   00557    0.4875   -1463.1246  0.8979 
   00558    0.4500   -1466.3713  0.9033 
   00559    0.4225   -1466.2682  0.9024 
   00560    0.4775   -1451.1682  0.8958 
   00561    0.4125   -1456.0841  0.8934 
   00562    0.4575   -1457.6845  0.8909 
   00563    0.4525   -1459.0888  0.8891 
   00564    0.4375   -1454.3201  0.8853 
   00565    0.4125   -1452.9706  0.8795 
   00566    0.4275   -1467.0885  0.8885 
   00567    0.4225   -1471.4601  0.8950 
   00568    0.4975   -1473.0851  0.8899 
   00569    0.4525   -1466.7754  0.8878 
   00570    0.4475   -1467.2654  0.8886 
   00571    0.3875   -1459.7455  0.8843 
   00572    0.4175   -1463.3996  0.8861 
   00573    0.4450   -1463.8815  0.8900 
   00574    0.4675   -1456.9542  0.8875 
   00575    0.4150   -1456.1224  0.8806 
   00576    0.4225   -1473.2660  0.8888 
   00577    0.4275   -1469.9245  0.8914 
   00578    0.4600   -1470.7590  0.8864 
   00579    0.4275   -1463.3148  0.8930 
   00580    0.3950   -1462.9902  0.8875 
   00581    0.4625   -1476.0401  0.8922 
   00582    0.5050   -1471.8936  0.8904 
   00583    0.4025   -1477.3023  0.8981 
   00584    0.4325   -1478.5499  0.9006 
   00585    0.4300   -1482.5641  0.9026 
   00586    0.4325   -1472.5151  0.9004 
   00587    0.4350   -1472.7209  0.9014 
   00588    0.4300   -1477.3566  0.9086 
   00589    0.4450   -1485.2009  0.9108 
   00590    0.4550   -1483.6949  0.9083 
   00591    0.4450   -1486.9610  0.9119 
   00592    0.4625   -1485.9818  0.9143 
   00593    0.4525   -1479.9838  0.9102 
   00594    0.4425   -1482.8575  0.9137 
   00595    0.3850   -1489.2713  0.9158 
   00596    0.4275   -1489.5363  0.9212 
   00597    0.4075   -1478.9926  0.9225 
   00598    0.4225   -1482.8806  0.9247 
   00599    0.4050   -1476.4941  0.9235 
   00600    0.4375   -1481.0431  0.9212 
   00601    0.4125   -1480.4725  0.9220 
   00602    0.4575   -1479.8786  0.9175 
   00603    0.4725   -1473.5575  0.9129 
   00604    0.4525   -1470.5162  0.9198 
   00605    0.3700   -1475.8346  0.9187 
   00606    0.4025   -1476.7989  0.9215 
   00607    0.4125   -1475.7494  0.9181 
   00608    0.4775   -1478.3245  0.9207 
   00609    0.4350   -1471.6066  0.9200 
   00610    0.4650   -1469.9809  0.9233 
   00611    0.4925   -1468.5820  0.9265 
   00612    0.4175   -1464.4122  0.9240 
   00613    0.4125   -1453.5495  0.9187 
   00614    0.4850   -1478.1235  0.9248 
   00615    0.4575   -1471.1236  0.9207 
   00616    0.3950   -1473.8468  0.9231 
   00617    0.4325   -1475.2739  0.9214 
   00618    0.4275   -1473.3114  0.9201 
   00619    0.4300   -1480.8173  0.9187 
   00620    0.4625   -1478.3350  0.9176 
   00621    0.4650   -1468.3064  0.9168 
   00622    0.4475   -1467.1359  0.9161 
   00623    0.4450   -1465.6489  0.9195 
   00624    0.4150   -1473.9224  0.9265 
   00625    0.5075   -1468.0594  0.9233 
   00626    0.4450   -1466.8285  0.9222 
   00627    0.4650   -1463.5140  0.9267 
   00628    0.5050   -1469.3418  0.9259 
   00629    0.4500   -1476.1514  0.9273 
   00630    0.4050   -1475.7301  0.9282 
   00631    0.4475   -1476.8045  0.9276 
   00632    0.4425   -1462.4649  0.9192 
   00633    0.4525   -1462.6025  0.9242 
   00634    0.4650   -1458.5532  0.9272 
   00635    0.4425   -1452.9877  0.9264 
   00636    0.4425   -1449.9716  0.9257 
   00637    0.4625   -1459.9247  0.9282 
   00638    0.4675   -1457.9514  0.9241 
   00639    0.4150   -1466.4660  0.9323 
   00640    0.4800   -1464.0927  0.9243 
   00641    0.4000   -1468.6588  0.9306 
   00642    0.4500   -1472.4647  0.9267 
   00643    0.4100   -1475.7778  0.9258 
   00644    0.4325   -1476.6309  0.9308 
   00645    0.4200   -1474.9168  0.9334 
   00646    0.4300   -1473.9693  0.9374 
   00647    0.4450   -1475.2664  0.9401 
   00648    0.4825   -1463.2829  0.9308 
   00649    0.4475   -1470.0929  0.9284 
   00650    0.4725   -1467.7673  0.9262 
   00651    0.4550   -1473.3365  0.9348 
   00652    0.4950   -1468.4636  0.9279 
   00653    0.4225   -1461.6734  0.9259 
   00654    0.4025   -1473.2769  0.9313 
   00655    0.3850   -1470.8719  0.9352 
   00656    0.4450   -1489.7334  0.9391 
   00657    0.4175   -1492.0716  0.9409 
   00658    0.4225   -1483.1309  0.9383 
   00659    0.4250   -1491.9761  0.9425 
   00660    0.4625   -1490.5087  0.9429 
   00661    0.4175   -1487.9586  0.9437 
   00662    0.4600   -1490.3949  0.9431 
   00663    0.4550   -1480.7252  0.9387 
   00664    0.4275   -1478.8818  0.9340 
   00665    0.4375   -1471.6201  0.9303 
   00666    0.4325   -1473.3354  0.9300 
   00667    0.4725   -1478.6601  0.9317 
   00668    0.4625   -1471.2935  0.9275 
   00669    0.4300   -1476.8652  0.9267 
   00670    0.4450   -1475.1265  0.9277 
   00671    0.4350   -1470.1410  0.9214 
   00672    0.4650   -1471.7134  0.9232 
   00673    0.4625   -1468.7950  0.9284 
   00674    0.4225   -1470.5225  0.9285 
   00675    0.4650   -1480.3352  0.9295 
   00676    0.4775   -1477.2145  0.9266 
   00677    0.4575   -1478.9653  0.9268 
   00678    0.4575   -1473.9752  0.9231 
   00679    0.4375   -1477.9348  0.9247 
   00680    0.4475   -1475.1656  0.9248 
   00681    0.4700   -1476.8018  0.9218 
   00682    0.4600   -1486.8861  0.9209 
   00683    0.4325   -1492.4739  0.9272 
   00684    0.4325   -1487.1202  0.9283 
   00685    0.4350   -1493.1274  0.9359 
   00686    0.4325   -1491.3511  0.9346 
   00687    0.4525   -1483.5136  0.9301 
   00688    0.4575   -1489.3997  0.9257 
   00689    0.4425   -1484.6593  0.9289 
   00690    0.4600   -1490.3952  0.9360 
   00691    0.4625   -1486.1746  0.9326 
   00692    0.4350   -1485.5650  0.9324 
   00693    0.3975   -1479.2146  0.9315 
   00694    0.4350   -1481.5579  0.9324 
   00695    0.4425   -1483.7162  0.9329 
   00696    0.3925   -1494.0116  0.9395 
   00697    0.4350   -1479.9397  0.9366 
   00698    0.4600   -1482.8631  0.9388 
   00699    0.4200   -1488.7798  0.9408 
   00700    0.4600   -1488.3530  0.9415 
   00701    0.4500   -1487.5508  0.9412 
   00702    0.4775   -1496.9839  0.9435 
   00703    0.4300   -1495.0851  0.9406 
   00704    0.4675   -1490.3326  0.9358 
   00705    0.4150   -1492.4771  0.9410 
   00706    0.4650   -1481.9605  0.9368 
   00707    0.4500   -1483.2438  0.9352 
   00708    0.4775   -1476.7647  0.9361 
   00709    0.4025   -1475.9517  0.9312 
   00710    0.4100   -1478.2560  0.9338 
   00711    0.4025   -1480.3986  0.9346 
   00712    0.4300   -1469.5098  0.9318 
   00713    0.4200   -1472.3646  0.9335 
   00714    0.4450   -1482.8624  0.9399 
   00715    0.4600   -1491.0443  0.9439 
   00716    0.4800   -1484.5015  0.9401 
   00717    0.4400   -1487.0095  0.9420 
   00718    0.4425   -1485.1665  0.9454 
   00719    0.4600   -1486.2976  0.9440 
   00720    0.4725   -1489.1790  0.9478 
   00721    0.4350   -1501.1359  0.9496 
   00722    0.4800   -1493.0070  0.9452 
   00723    0.4050   -1484.6319  0.9450 
   00724    0.4100   -1483.7304  0.9421 
   00725    0.4050   -1483.1128  0.9397 
   00726    0.4625   -1488.1067  0.9419 
   00727    0.4800   -1484.9357  0.9390 
   00728    0.4350   -1478.2066  0.9350 
   00729    0.4875   -1482.3293  0.9372 
   00730    0.4775   -1486.7905  0.9334 
   00731    0.4425   -1488.6523  0.9284 
   00732    0.4350   -1490.8473  0.9296 
   00733    0.4625   -1483.4515  0.9216 
   00734    0.4425   -1488.9283  0.9239 
   00735    0.3825   -1483.1882  0.9202 
   00736    0.4275   -1477.6602  0.9226 
   00737    0.4225   -1479.6145  0.9244 
   00738    0.4800   -1472.9644  0.9187 
   00739    0.4100   -1468.1782  0.9153 
   00740    0.4450   -1474.6090  0.9181 
   00741    0.4325   -1471.2367  0.9192 
   00742    0.4550   -1471.5498  0.9145 
   00743    0.4200   -1479.6353  0.9069 
   00744    0.4275   -1474.1546  0.9040 
   00745    0.4775   -1468.1293  0.9061 
   00746    0.3925   -1476.3467  0.9102 
   00747    0.4825   -1482.5690  0.9100 
   00748    0.4450   -1476.4798  0.9120 
   00749    0.4400   -1465.2188  0.9065 
   00750    0.4650   -1471.4338  0.9178 
   00751    0.4100   -1470.3039  0.9155 
   00752    0.4425   -1461.0051  0.9162 
   00753    0.5175   -1480.4420  0.9204 
   00754    0.4725   -1477.0528  0.9207 
   00755    0.4000   -1464.4367  0.9169 
   00756    0.4425   -1468.6660  0.9134 
   00757    0.4575   -1458.1082  0.9118 
   00758    0.4400   -1467.1025  0.9139 
   00759    0.4850   -1473.2111  0.9174 
   00760    0.4225   -1467.0898  0.9155 
   00761    0.4325   -1466.7576  0.9171 
   00762    0.4725   -1462.0049  0.9098 
   00763    0.4150   -1469.4883  0.8994 
   00764    0.4300   -1461.0412  0.8970 
   00765    0.3900   -1463.8715  0.8988 
   00766    0.4000   -1473.5993  0.9102 
   00767    0.4525   -1469.3345  0.9090 
   00768    0.4225   -1472.7938  0.9090 
   00769    0.4500   -1471.2719  0.9111 
   00770    0.4125   -1477.9170  0.9096 
   00771    0.3900   -1480.0274  0.9089 
   00772    0.4375   -1484.3799  0.9140 
   00773    0.4575   -1470.7089  0.8997 
   00774    0.4125   -1468.6349  0.8993 
   00775    0.4375   -1475.8372  0.8985 
   00776    0.4425   -1469.5771  0.9001 
   00777    0.4450   -1473.1845  0.9021 
   00778    0.4425   -1479.5133  0.8984 
   00779    0.4250   -1476.8808  0.9035 
   00780    0.4050   -1479.6441  0.9073 
   00781    0.4225   -1479.8746  0.9128 
   00782    0.4350   -1477.9030  0.9144 
   00783    0.4575   -1484.0587  0.9178 
   00784    0.4250   -1473.9218  0.9139 
   00785    0.4225   -1480.9591  0.9203 
   00786    0.4225   -1479.7083  0.9177 
   00787    0.4650   -1475.7260  0.9151 
   00788    0.4475   -1482.6931  0.9201 
   00789    0.4275   -1491.2047  0.9272 
   00790    0.4200   -1479.1599  0.9211 
   00791    0.4150   -1474.1686  0.9160 
   00792    0.4300   -1470.5779  0.9131 
   00793    0.3975   -1477.7849  0.9106 
   00794    0.3925   -1471.4231  0.9081 
   00795    0.4275   -1470.8824  0.9131 
   00796    0.4150   -1466.8464  0.9117 
   00797    0.4225   -1467.5118  0.9154 
   00798    0.4650   -1456.4430  0.9046 
   00799    0.4425   -1465.8990  0.9055 
   00800    0.4675   -1460.6614  0.9046 
   00801    0.4700   -1470.3254  0.9117 
   00802    0.4725   -1465.4974  0.9077 
   00803    0.4225   -1485.4997  0.9166 
   00804    0.3775   -1487.1413  0.9158 
   00805    0.4650   -1484.7033  0.9174 
   00806    0.4125   -1488.1489  0.9139 
   00807    0.4450   -1487.0244  0.9145 
   00808    0.4450   -1482.5555  0.9136 
   00809    0.4275   -1462.0426  0.9053 
   00810    0.4125   -1460.4191  0.9105 
   00811    0.4875   -1471.8857  0.9138 
   00812    0.4375   -1473.6548  0.9089 
   00813    0.4375   -1487.9834  0.9117 
   00814    0.4325   -1483.3262  0.9099 
   00815    0.4050   -1487.4011  0.9121 
   00816    0.4350   -1494.6173  0.9198 
   00817    0.4275   -1484.3559  0.9166 
   00818    0.4050   -1495.1193  0.9137 
   00819    0.4625   -1487.7037  0.9119 
   00820    0.4050   -1477.1845  0.9070 
   00821    0.4550   -1477.3700  0.9101 
   00822    0.4125   -1484.3458  0.9070 
   00823    0.4425   -1480.9634  0.9068 
   00824    0.4875   -1483.6591  0.9080 
   00825    0.4600   -1472.6868  0.9024 
   00826    0.4650   -1477.5434  0.9026 
   00827    0.4400   -1482.5344  0.9095 
   00828    0.4175   -1483.1097  0.9111 
   00829    0.4300   -1474.4113  0.9056 
   00830    0.4500   -1473.1989  0.9033 
   00831    0.4475   -1468.2250  0.9005 
   00832    0.4225   -1464.6259  0.9041 
   00833    0.4350   -1461.5619  0.9015 
   00834    0.4775   -1472.7242  0.9067 
   00835    0.4325   -1479.9856  0.9167 
   00836    0.4875   -1479.6404  0.9188 
   00837    0.4650   -1477.9629  0.9237 
   00838    0.4275   -1465.6858  0.9204 
   00839    0.4450   -1473.6322  0.9203 
   00840    0.4025   -1477.6427  0.9232 
   00841    0.4225   -1485.7643  0.9228 
   00842    0.4275   -1477.7247  0.9227 
   00843    0.4550   -1484.8252  0.9317 
   00844    0.4625   -1481.1402  0.9296 
   00845    0.3975   -1484.6639  0.9315 
   00846    0.4675   -1486.4694  0.9381 
   00847    0.4775   -1481.0092  0.9343 
   00848    0.4325   -1491.3571  0.9373 
   00849    0.4050   -1487.9209  0.9373 
   00850    0.4700   -1491.6338  0.9356 
   00851    0.4050   -1494.0814  0.9389 
   00852    0.4200   -1483.3932  0.9353 
   00853    0.4900   -1482.5175  0.9363 
   00854    0.4200   -1476.4495  0.9318 
   00855    0.4875   -1469.8613  0.9250 
   00856    0.4225   -1477.9922  0.9289 
   00857    0.4075   -1470.3332  0.9302 
   00858    0.4275   -1461.3368  0.9293 
   00859    0.4525   -1472.2206  0.9291 
   00860    0.4450   -1470.9222  0.9266 
   00861    0.3900   -1477.5046  0.9282 
   00862    0.4275   -1476.7382  0.9276 
   00863    0.4550   -1470.2554  0.9226 
   00864    0.4600   -1455.4173  0.9134 
   00865    0.4300   -1454.0135  0.9141 
   00866    0.4575   -1459.9175  0.9110 
   00867    0.4650   -1457.0810  0.9081 
   00868    0.4500   -1463.9617  0.9084 
   00869    0.4575   -1454.0328  0.9015 
   00870    0.4450   -1468.6299  0.9019 
   00871    0.3950   -1471.9172  0.9069 
   00872    0.4325   -1472.6025  0.9115 
   00873    0.4675   -1465.4749  0.9048 
   00874    0.4575   -1469.0260  0.9025 
   00875    0.4150   -1477.6189  0.9103 
   00876    0.4350   -1476.7580  0.9130 
   00877    0.4250   -1482.0601  0.9175 
   00878    0.4375   -1475.4076  0.9173 
   00879    0.4550   -1459.4982  0.9099 
   00880    0.5075   -1457.6989  0.9120 
   00881    0.4425   -1474.8793  0.9212 
   00882    0.4725   -1478.8326  0.9220 
   00883    0.4625   -1478.6583  0.9204 
   00884    0.4175   -1475.1591  0.9200 
   00885    0.4675   -1470.0634  0.9152 
   00886    0.4375   -1479.8927  0.9163 
   00887    0.4325   -1467.6403  0.9141 
   00888    0.4575   -1467.9896  0.9150 
   00889    0.4425   -1468.2976  0.9167 
   00890    0.4525   -1474.2466  0.9189 
   00891    0.4275   -1478.8436  0.9206 
   00892    0.4300   -1475.0417  0.9219 
   00893    0.4500   -1469.3204  0.9184 
   00894    0.4375   -1472.8640  0.9212 
   00895    0.4400   -1483.8495  0.9242 
   00896    0.4600   -1488.7222  0.9225 
   00897    0.4025   -1498.2629  0.9265 
   00898    0.4450   -1490.8202  0.9201 
   00899    0.4350   -1488.3000  0.9212 
   00900    0.4525   -1493.0871  0.9257 
   00901    0.4125   -1488.7454  0.9244 
   00902    0.4450   -1477.1156  0.9220 
   00903    0.4275   -1467.6109  0.9216 
   00904    0.4200   -1484.4531  0.9191 
   00905    0.4250   -1478.1902  0.9131 
   00906    0.4625   -1475.9301  0.9167 
   00907    0.4125   -1471.1475  0.9142 
   00908    0.4225   -1475.0115  0.9132 
   00909    0.4300   -1485.1412  0.9192 
   00910    0.4500   -1487.4869  0.9241 
   00911    0.4200   -1485.7965  0.9212 
   00912    0.4525   -1476.6050  0.9204 
   00913    0.4550   -1484.4640  0.9224 
   00914    0.4425   -1480.2216  0.9225 
   00915    0.4400   -1479.0736  0.9216 
   00916    0.4075   -1481.4280  0.9261 
   00917    0.4000   -1482.4093  0.9244 
   00918    0.4125   -1476.4328  0.9237 
   00919    0.5450   -1467.8919  0.9156 
   00920    0.4100   -1470.5850  0.9182 
   00921    0.4225   -1472.4625  0.9243 
   00922    0.4500   -1462.3077  0.9144 
   00923    0.4550   -1463.2554  0.9095 
   00924    0.4375   -1462.8486  0.9085 
   00925    0.4200   -1457.2656  0.9100 
   00926    0.4250   -1467.4018  0.9111 
   00927    0.4550   -1467.3172  0.9109 
   00928    0.3950   -1474.9192  0.9129 
   00929    0.3800   -1474.7755  0.9129 
   00930    0.3925   -1473.2057  0.9071 
   00931    0.4175   -1472.2940  0.9061 
   00932    0.4425   -1469.0801  0.9043 
   00933    0.4725   -1470.5540  0.9042 
   00934    0.4100   -1465.2070  0.9040 
   00935    0.4125   -1477.5885  0.9089 
   00936    0.4375   -1482.2030  0.9107 
   00937    0.4300   -1483.1994  0.9100 
   00938    0.4675   -1486.8695  0.9171 
   00939    0.4775   -1476.2693  0.9130 
   00940    0.4625   -1468.3458  0.9106 
   00941    0.4625   -1455.2693  0.9057 
   00942    0.4250   -1466.2863  0.9065 
   00943    0.4700   -1472.1585  0.9131 
   00944    0.4425   -1476.0592  0.9174 
   00945    0.4550   -1469.9950  0.9169 
   00946    0.4150   -1460.9674  0.9172 
   00947    0.4075   -1473.6235  0.9169 
   00948    0.4450   -1472.5866  0.9180 
   00949    0.4450   -1472.8909  0.9222 
   00950    0.4850   -1472.6228  0.9222 
   00951    0.4050   -1468.1776  0.9185 
   00952    0.4200   -1471.2908  0.9164 
   00953    0.4875   -1466.7785  0.9123 
   00954    0.4275   -1464.8018  0.9107 
   00955    0.4375   -1475.2852  0.9193 
   00956    0.4500   -1485.9816  0.9232 
   00957    0.4050   -1484.9843  0.9241 
   00958    0.4125   -1482.4596  0.9173 
   00959    0.4650   -1472.6311  0.9206 
   00960    0.4125   -1483.0235  0.9256 
   00961    0.4675   -1489.6318  0.9297 
   00962    0.4325   -1491.1826  0.9287 
   00963    0.4875   -1482.2764  0.9264 
   00964    0.4500   -1485.3908  0.9281 
   00965    0.4425   -1482.6517  0.9307 
   00966    0.4125   -1488.5184  0.9368 
   00967    0.4400   -1480.6587  0.9340 
   00968    0.4100   -1477.8055  0.9334 
   00969    0.4125   -1474.7465  0.9345 
   00970    0.4725   -1476.1170  0.9327 
   00971    0.4425   -1480.2453  0.9348 
   00972    0.4600   -1472.9729  0.9325 
   00973    0.4225   -1475.9276  0.9343 
   00974    0.4725   -1469.1300  0.9362 
   00975    0.4025   -1472.2583  0.9313 
   00976    0.4200   -1479.8316  0.9333 
   00977    0.4500   -1479.3137  0.9361 
   00978    0.4075   -1477.1664  0.9359 
   00979    0.4550   -1469.4561  0.9291 
   00980    0.4000   -1468.5419  0.9294 
   00981    0.4475   -1472.9603  0.9311 
   00982    0.4125   -1474.5960  0.9317 
   00983    0.4825   -1477.2747  0.9343 
   00984    0.4650   -1468.2354  0.9290 
   00985    0.4450   -1453.3911  0.9287 
   00986    0.4400   -1462.3332  0.9226 
   00987    0.4625   -1462.1620  0.9232 
   00988    0.4150   -1477.0734  0.9278 
   00989    0.4425   -1468.9620  0.9237 
   00990    0.4350   -1470.9607  0.9241 
   00991    0.4375   -1475.2993  0.9255 
   00992    0.4700   -1471.5005  0.9234 
   00993    0.4150   -1480.8229  0.9290 
   00994    0.4225   -1481.0009  0.9296 
   00995    0.3900   -1488.4973  0.9310 
   00996    0.4750   -1483.3487  0.9237 
   00997    0.4475   -1476.8791  0.9206 
   00998    0.4425   -1477.4338  0.9181 
   00999    0.4325   -1490.8410  0.9211 
   01000    0.4425   -1480.4491  0.9178 
